1
Coins,1.5822049,-11.298052,1.0
Coins,-1.9563509,-11.277391,1.0
Coins,-2.259406,-11.024929,1.0
Coins,-2.600973,-10.744837,1.0
Coins,-2.2351687,-10.609952,1.0
Coins,-1.7605058,-10.93462,1.0
Coins,-2.1618297,-10.212795,1.0
Coins,-2.5324636,-10.349165,1.0
Coins,-2.9002767,-10.492202,1.0
Coins,-3.4348514,-9.581572,1.0
Coins,-3.1346428,-9.837918,1.0
Coins,-1.8703859,-10.4732065,1.0
Coins,-1.7241247,-10.107102,1.0
Coins,-2.0898576,-9.825009,1.0
Coins,-2.4622931,-9.959835,1.0
Coins,-2.3889031,-9.567149,1.0
Coins,-2.012889,-9.43304,1.0
Coins,-2.6927357,-9.309576,1.0
Coins,-2.7603805,-9.701877,1.0
Coins,-3.062195,-9.44697,1.0
Coins,-3.7968516,-9.738099,1.0
Coins,-3.4987385,-9.990977,1.0
Coins,-2.834606,-10.094474,1.0
Coins,-3.2007117,-10.24331,1.0
Coins,-3.795199,-9.344354,1.0
Coins,-0.48941624,-9.240878,1.0
Coins,-2.0392885,-8.898248,1.0
Coins,-2.3181102,-9.178056,1.0
Coins,-0.5789943,-10.893204,1.0
Coins,-1.7179273,-9.694971,1.0
Coins,1.3357564,-9.868962,1.0
Coins,0.9192374,-9.982167,1.0
Coins,1.8952117,-9.913948,1.0
Coins,5.7098026,-11.296941,1.0
Coins,0.54649687,-10.108896,1.0
Coins,-0.18896808,-10.95324,1.0
Coins,-1.5631757,-11.295409,1.0
Coins,-1.1691029,-11.2974825,1.0
Coins,-1.3621063,-10.956262,1.0
Coins,-1.5039929,-10.590505,1.0
Coins,-1.3481776,-10.227671,1.0
Coins,-1.3483475,-9.832533,1.0
Coins,0.5320493,-10.558768,1.0
Coins,0.20601805,-10.949086,1.0
Coins,-0.37771162,-11.2965,1.0
Coins,0.013653862,-11.29379,1.0
Coins,0.6003837,-10.94862,1.0
Coins,1.1888531,-11.2957945,1.0
Coins,0.4049942,-11.294015,1.0
Coins,0.7965725,-11.293817,1.0
Coins,-0.9660638,-10.963428,1.0
Coins,-0.7686063,-11.298037,1.0
Coins,-0.008845645,-10.605065,1.0
Coins,-1.1178647,-10.608514,1.0
Coins,0.18399031,-10.262744,1.0
Coins,1.2064962,-10.244421,1.0
Coins,2.9210162,-9.991896,1.0
Coins,0.9277386,-10.559417,1.0
Coins,2.5593915,-9.824189,1.0
Coins,1.5943202,-10.171304,1.0
Coins,0.9945969,-10.949833,1.0
Coins,1.4185092,-10.569244,1.0
Coins,1.3885083,-10.958097,1.0
DynamicBody,-0.5777564,-10.0309925,1.0
DynamicBody,6.233711,-10.701876,1.0
DynamicBody,-1.257604,-9.042358,1.0
DynamicBody,8.001985,-9.853571,1.0
DynamicBody,7.412855,-10.895014,1.0
DynamicBody,8.607786,-10.894974,1.0
DynamicBody,-3.3323665,-8.698441,1.0
DynamicBody,9.198806,-9.848294,1.0
DynamicBody,5.0267525,-10.89371,1.0
DynamicBody,9.803709,-10.878879,1.0
Chaser,2.345232,-10.744955,1.0
Enemy,11.244797,-7.445003,0.1
Enemy,1.3927726,-8.003856,0.1
Enemy,0.45151982,-9.163764,0.1
Enemy,3.790766,-10.363815,0.1
Enemy,2.9150527,-8.565563,0.1
Enemy,1.6908383,-6.5436444,0.1
Enemy,-0.34211648,-4.027423,0.1
Enemy,-1.3543261,-6.7325897,0.1
Enemy,5.0455403,-9.54548,0.1
Enemy,0.1204546,-6.4869576,0.1
Semoji,-4.001463,5.074999,7.0
Platform,10.0,12.0,2.0,2.0
Ramp,11.0,-12.25,1.052,2.448,-2.468,-0.468,2.448,-0.46
Ramp,-3.0000014,-12.250008,-1.052,2.448,-2.468,-0.468,2.448,-0.46
Platform,-6.0000005,9.0,0.5,2.0
Platform,-8.0,-6.0,4.0,10.0
Platform,12.5,5.499999,0.5,30.0
Platform,-12.5,5.5,0.5,30.0
Platform,0.0,12.499996,12.0,0.5
Platform,0.0,-12.5,12.0,1.0
Door,11.5,-9.6
